3 
22 
247147 
84041 
19149 
30978 
82380 
15367 
106435 
8381 
20896 
83793 
6900 
80589 
6820 
4086 
9028 
4608 
12970 
30746 
7113 
13874 
200000 
25986 
227255 
942 
118113 
5331 
609970 
9592 
16227 
801501 
946 
2799 
6196 
6620 
842 
18732 
1120 
77735 
50179 
91788 
5500 
1496 
7442 
13587 
1762 
3089 
31647 
88156 
30662 
2349 
8453 
143301 
361257 
4227 
3686 
525 
803 
3014 
1009 
693458 
2503 
397543 
2088 
2605 
2497 
4137 
49336 
4829 
1467 
464 
6736 
967306 
3196 
1378 
3007 
1537 
1694 
16030 
959 
4692 
1107 
757 
449719 
377568 
3184 
77473 
1857 
611460 
504941 
19299 
2258 
2413 
9231 
1036 
2924 
405171 
100 
440836 
